100010111011
100011001100
100111000111
100111000011
100011011101
000011011100
000011011100
100010011001
000010011100
100000010001
100000100010
000000101001
000100100001
100000110011
000000111001
000000111001
100100110000
111000100011
100001000100
000001001011
000001000001
100001010101
000001010001
101101010100
100001000100
000001001001
000101000001
100001010101
000001011100
000001010001
101101000101
100100010001
100001000100
100101001000
100101001000
100101001000
100101001100
110100000100
100000010001
100000100010
000000101001
000100100001
100000110011
000000111001
000000111001
100100110101
111000100011
100001000100
000001001011
000001000001
100001100110
101001100100
101001100100
100001010101
000001011100
000001010001
100001110111
101001110101
101001110101
100000100010
000000101101
000000100001
000001100111
101101100010
100100010001
100001000100
100101001000
100101001000
100101001000
100101001000
110100000100
